20
18
11
1
1
0   2    1             0   6    1             0   10    1             0   14    1             0   18    1             0   22    1             0   26    1             0   30    1             0   34    1             0   38    1             0   42    1             0   46    1             0   50    1             0   54    1             0   58    1             0   62    1             0   66    1             0   70    1             0   74    1             0   78    1             
-1   2    3             1   6    3             0   10    3             0   14    3             0   18    3             0   22    3             0   26    3             0   30    3             0   34    3             0   38    3             0   42    3             0   46    3             0   50    3             0   54    3             0   58    3             0   62    3             0   66    3             0   70    3             0   74    3             0   78    3             
0   2    5             -1   6    5             1   10    5             0   14    5             0   18    5             0   22    5             0   26    5             0   30    5             0   34    5             0   38    5             0   42    5             0   46    5             0   50    5             0   54    5             0   58    5             0   62    5             0   66    5             0   70    5             0   74    5             0   78    5             
0   2    7             0   6    7             -1   10    7             1   14    7             0   18    7             0   22    7             0   26    7             0   30    7             0   34    7             0   38    7             0   42    7             0   46    7             0   50    7             0   54    7             0   58    7             0   62    7             0   66    7             0   70    7             0   74    7             0   78    7             
0   2    9             0   6    9             0   10    9             -1   14    9             1   18    9             0   22    9             0   26    9             0   30    9             0   34    9             0   38    9             0   42    9             0   46    9             0   50    9             0   54    9             0   58    9             0   62    9             0   66    9             0   70    9             0   74    9             0   78    9             
0   2    11             0   6    11             0   10    11             0   14    11             -1   18    11             0   22    11             0   26    11             0   30    11             0   34    11             0   38    11             0   42    11             0   46    11             0   50    11             0   54    11             0   58    11             0   62    11             0   66    11             0   70    11             0   74    11             0   78    11             
0   2    13             0   6    13             0   10    13             0   14    13             0   18    13             0   22    13             0   26    13             0   30    13             0   34    13             0   38    13             0   42    13             0   46    13             0   50    13             0   54    13             0   58    13             0   62    13             0   66    13             0   70    13             0   74    13             0   78    13             
0   2    15             0   6    15             0   10    15             0   14    15             0   18    15             0   22    15             0   26    15             0   30    15             0   34    15             0   38    15             0   42    15             0   46    15             0   50    15             0   54    15             0   58    15             0   62    15             0   66    15             0   70    15             0   74    15             0   78    15             
0   2    17             0   6    17             0   10    17             0   14    17             0   18    17             0   22    17             0   26    17             0   30    17             0   34    17             0   38    17             0   42    17             0   46    17             0   50    17             0   54    17             0   58    17             0   62    17             0   66    17             0   70    17             0   74    17             0   78    17             
0   2    19             0   6    19             0   10    19             0   14    19             0   18    19             0   22    19             0   26    19             0   30    19             0   34    19             0   38    19             0   42    19             0   46    19             0   50    19             0   54    19             0   58    19             0   62    19             0   66    19             0   70    19             0   74    19             0   78    19             
0   2    21             0   6    21             0   10    21             0   14    21             0   18    21             0   22    21             0   26    21             0   30    21             0   34    21             0   38    21             0   42    21             0   46    21             0   50    21             0   54    21             0   58    21             0   62    21             0   66    21             0   70    21             0   74    21             0   78    21             
0   2    23             0   6    23             0   10    23             0   14    23             0   18    23             0   22    23             0   26    23             0   30    23             0   34    23             0   38    23             0   42    23             0   46    23             0   50    23             0   54    23             0   58    23             0   62    23             0   66    23             0   70    23             0   74    23             0   78    23             
0   2    25             0   6    25             0   10    25             0   14    25             0   18    25             0   22    25             0   26    25             0   30    25             0   34    25             0   38    25             0   42    25             0   46    25             0   50    25             0   54    25             0   58    25             0   62    25             0   66    25             0   70    25             0   74    25             0   78    25             
0   2    27             0   6    27             0   10    27             0   14    27             0   18    27             0   22    27             0   26    27             0   30    27             0   34    27             0   38    27             0   42    27             0   46    27             0   50    27             0   54    27             0   58    27             0   62    27             0   66    27             0   70    27             0   74    27             0   78    27             
0   2    29             0   6    29             0   10    29             0   14    29             0   18    29             0   22    29             0   26    29             0   30    29             0   34    29             0   38    29             0   42    29             0   46    29             0   50    29             0   54    29             0   58    29             0   62    29             0   66    29             0   70    29             0   74    29             0   78    29             
0   2    31             0   6    31             0   10    31             0   14    31             0   18    31             0   22    31             0   26    31             0   30    31             0   34    31             0   38    31             0   42    31             0   46    31             0   50    31             0   54    31             0   58    31             0   62    31             0   66    31             0   70    31             0   74    31             0   78    31             
0   2    33             0   6    33             0   10    33             0   14    33             0   18    33             0   22    33             0   26    33             0   30    33             0   34    33             0   38    33             0   42    33             0   46    33             0   50    33             0   54    33             0   58    33             0   62    33             0   66    33             0   70    33             0   74    33             0   78    33             
0   2    35             0   6    35             0   10    35             0   14    35             0   18    35             0   22    35             0   26    35             0   30    35             0   34    35             0   38    35             0   42    35             0   46    35             0   50    35             0   54    35             0   58    35             0   62    35             0   66    35             0   70    35             0   74    35             0   78    35             
0   2    37             0   6    37             0   10    37             0   14    37             0   18    37             0   22    37             0   26    37             0   30    37             0   34    37             0   38    37             0   42    37             0   46    37             0   50    37             0   54    37             0   58    37             0   62    37             0   66    37             0   70    37             0   74    37             0   78    37             
0   2    39             0   6    39             0   10    39             0   14    39             0   18    39             0   22    39             0   26    39             0   30    39             0   34    39             0   38    39             0   42    39             0   46    39             0   50    39             0   54    39             0   58    39             0   62    39             0   66    39             0   70    39             0   74    39             0   78    39             
