24
67
18
1
1
0   47    6             0   51    6             0   55    6             0   59    6             0   63    6             0   67    6             0   71    6             0   75    6             0   79    6             0   83    6             0   87    6             0   91    6             0   95    6             0   99    6             0   103    6             0   107    6             0   111    6             0   115    6             0   119    6             0   123    6             0   127    6             0   131    6             0   135    6             0   139    6             
0   47    8             0   51    8             0   55    8             0   59    8             0   63    8             0   67    8             0   71    8             0   75    8             0   79    8             0   83    8             0   87    8             0   91    8             0   95    8             0   99    8             0   103    8             0   107    8             0   111    8             0   115    8             0   119    8             0   123    8             0   127    8             0   131    8             0   135    8             0   139    8             
0   47    10             -1   51    10             1   55    10             0   59    10             0   63    10             0   67    10             0   71    10             0   75    10             0   79    10             0   83    10             0   87    10             0   91    10             0   95    10             0   99    10             0   103    10             0   107    10             0   111    10             0   115    10             0   119    10             0   123    10             0   127    10             0   131    10             0   135    10             0   139    10             
0   47    12             0   51    12             -1   55    12             1   59    12             1   63    12             -1   67    12             0   71    12             0   75    12             0   79    12             0   83    12             0   87    12             0   91    12             0   95    12             0   99    12             0   103    12             0   107    12             0   111    12             0   115    12             0   119    12             0   123    12             0   127    12             0   131    12             0   135    12             0   139    12             
0   47    14             0   51    14             0   55    14             -1   59    14             0   63    14             1   67    14             0   71    14             0   75    14             0   79    14             0   83    14             0   87    14             0   91    14             0   95    14             0   99    14             0   103    14             0   107    14             0   111    14             0   115    14             0   119    14             0   123    14             0   127    14             0   131    14             0   135    14             0   139    14             
0   47    16             0   51    16             0   55    16             0   59    16             1   63    16             -1   67    16             0   71    16             0   75    16             0   79    16             0   83    16             0   87    16             0   91    16             0   95    16             0   99    16             0   103    16             0   107    16             0   111    16             0   115    16             0   119    16             0   123    16             0   127    16             0   131    16             0   135    16             0   139    16             
0   47    18             0   51    18             0   55    18             0   59    18             -1   63    18             1   67    18             0   71    18             0   75    18             0   79    18             0   83    18             0   87    18             0   91    18             0   95    18             0   99    18             0   103    18             0   107    18             0   111    18             0   115    18             0   119    18             0   123    18             0   127    18             0   131    18             0   135    18             0   139    18             
0   47    20             0   51    20             0   55    20             0   59    20             0   63    20             0   67    20             0   71    20             0   75    20             0   79    20             0   83    20             0   87    20             0   91    20             0   95    20             0   99    20             0   103    20             0   107    20             0   111    20             0   115    20             0   119    20             0   123    20             0   127    20             0   131    20             0   135    20             0   139    20             
0   47    22             0   51    22             0   55    22             0   59    22             0   63    22             0   67    22             0   71    22             0   75    22             0   79    22             0   83    22             0   87    22             0   91    22             0   95    22             0   99    22             0   103    22             0   107    22             0   111    22             0   115    22             0   119    22             0   123    22             0   127    22             0   131    22             0   135    22             0   139    22             
0   47    24             0   51    24             0   55    24             0   59    24             0   63    24             0   67    24             0   71    24             0   75    24             0   79    24             0   83    24             0   87    24             0   91    24             0   95    24             0   99    24             0   103    24             0   107    24             0   111    24             0   115    24             0   119    24             0   123    24             0   127    24             0   131    24             0   135    24             0   139    24             
0   47    26             0   51    26             0   55    26             0   59    26             0   63    26             0   67    26             0   71    26             0   75    26             0   79    26             0   83    26             0   87    26             0   91    26             0   95    26             0   99    26             0   103    26             0   107    26             0   111    26             0   115    26             0   119    26             0   123    26             0   127    26             0   131    26             0   135    26             0   139    26             
0   47    28             0   51    28             0   55    28             0   59    28             0   63    28             0   67    28             0   71    28             0   75    28             0   79    28             0   83    28             0   87    28             0   91    28             0   95    28             0   99    28             0   103    28             0   107    28             0   111    28             0   115    28             0   119    28             0   123    28             0   127    28             0   131    28             0   135    28             0   139    28             
0   47    30             0   51    30             0   55    30             0   59    30             0   63    30             0   67    30             0   71    30             0   75    30             0   79    30             0   83    30             0   87    30             0   91    30             0   95    30             0   99    30             0   103    30             0   107    30             0   111    30             0   115    30             0   119    30             0   123    30             0   127    30             0   131    30             0   135    30             0   139    30             
0   47    32             0   51    32             0   55    32             0   59    32             0   63    32             0   67    32             0   71    32             0   75    32             0   79    32             0   83    32             0   87    32             0   91    32             0   95    32             0   99    32             0   103    32             0   107    32             0   111    32             0   115    32             0   119    32             0   123    32             0   127    32             0   131    32             0   135    32             0   139    32             
0   47    34             0   51    34             0   55    34             0   59    34             0   63    34             0   67    34             0   71    34             0   75    34             0   79    34             0   83    34             0   87    34             0   91    34             0   95    34             0   99    34             0   103    34             0   107    34             0   111    34             0   115    34             0   119    34             0   123    34             0   127    34             0   131    34             0   135    34             0   139    34             
0   47    36             0   51    36             0   55    36             0   59    36             0   63    36             0   67    36             0   71    36             0   75    36             0   79    36             0   83    36             0   87    36             0   91    36             0   95    36             0   99    36             0   103    36             0   107    36             0   111    36             0   115    36             0   119    36             0   123    36             0   127    36             0   131    36             0   135    36             0   139    36             
0   47    38             0   51    38             0   55    38             0   59    38             0   63    38             0   67    38             0   71    38             0   75    38             0   79    38             0   83    38             0   87    38             0   91    38             0   95    38             0   99    38             0   103    38             0   107    38             0   111    38             0   115    38             0   119    38             0   123    38             0   127    38             0   131    38             0   135    38             0   139    38             
0   47    40             0   51    40             0   55    40             0   59    40             0   63    40             0   67    40             0   71    40             0   75    40             0   79    40             0   83    40             0   87    40             0   91    40             0   95    40             0   99    40             0   103    40             0   107    40             0   111    40             0   115    40             0   119    40             0   123    40             0   127    40             0   131    40             0   135    40             0   139    40             
0   47    42             0   51    42             0   55    42             0   59    42             0   63    42             0   67    42             0   71    42             0   75    42             0   79    42             0   83    42             0   87    42             0   91    42             0   95    42             0   99    42             0   103    42             0   107    42             0   111    42             0   115    42             0   119    42             0   123    42             0   127    42             0   131    42             0   135    42             0   139    42             
0   47    44             0   51    44             0   55    44             0   59    44             0   63    44             0   67    44             0   71    44             0   75    44             0   79    44             0   83    44             0   87    44             0   91    44             0   95    44             0   99    44             0   103    44             0   107    44             0   111    44             0   115    44             0   119    44             0   123    44             0   127    44             0   131    44             0   135    44             0   139    44             
0   47    46             0   51    46             0   55    46             0   59    46             0   63    46             0   67    46             0   71    46             0   75    46             0   79    46             0   83    46             0   87    46             0   91    46             0   95    46             0   99    46             0   103    46             0   107    46             0   111    46             0   115    46             0   119    46             0   123    46             0   127    46             0   131    46             0   135    46             0   139    46             
0   47    48             0   51    48             0   55    48             0   59    48             0   63    48             0   67    48             0   71    48             0   75    48             0   79    48             0   83    48             0   87    48             0   91    48             0   95    48             0   99    48             0   103    48             0   107    48             0   111    48             0   115    48             0   119    48             0   123    48             0   127    48             0   131    48             0   135    48             0   139    48             
0   47    50             0   51    50             0   55    50             0   59    50             0   63    50             0   67    50             0   71    50             0   75    50             0   79    50             0   83    50             0   87    50             0   91    50             0   95    50             0   99    50             0   103    50             0   107    50             0   111    50             0   115    50             0   119    50             0   123    50             0   127    50             0   131    50             0   135    50             0   139    50             
0   47    52             0   51    52             0   55    52             0   59    52             0   63    52             0   67    52             0   71    52             0   75    52             0   79    52             0   83    52             0   87    52             0   91    52             0   95    52             0   99    52             0   103    52             0   107    52             0   111    52             0   115    52             0   119    52             0   123    52             0   127    52             0   131    52             0   135    52             0   139    52             
