24
53
14
1
0
-1   37    6             0   41    6             0   45    6             0   49    6             0   53    6             0   57    6             0   61    6             0   65    6             0   69    6             0   73    6             0   77    6             0   81    6             0   85    6             0   89    6             0   93    6             0   97    6             0   101    6             0   105    6             0   109    6             0   113    6             0   117    6             0   121    6             0   125    6             0   129    6             
1   37    8             -1   41    8             0   45    8             0   49    8             0   53    8             0   57    8             0   61    8             0   65    8             0   69    8             0   73    8             0   77    8             0   81    8             0   85    8             0   89    8             0   93    8             0   97    8             0   101    8             0   105    8             0   109    8             0   113    8             0   117    8             0   121    8             0   125    8             0   129    8             
0   37    10             1   41    10             -1   45    10             0   49    10             0   53    10             0   57    10             0   61    10             0   65    10             0   69    10             0   73    10             0   77    10             0   81    10             0   85    10             0   89    10             0   93    10             0   97    10             0   101    10             0   105    10             0   109    10             0   113    10             0   117    10             0   121    10             0   125    10             0   129    10             
0   37    12             0   41    12             1   45    12             -1   49    12             0   53    12             0   57    12             0   61    12             0   65    12             0   69    12             0   73    12             0   77    12             0   81    12             0   85    12             0   89    12             0   93    12             0   97    12             0   101    12             0   105    12             0   109    12             0   113    12             0   117    12             0   121    12             0   125    12             0   129    12             
0   37    14             0   41    14             0   45    14             1   49    14             -1   53    14             0   57    14             0   61    14             0   65    14             0   69    14             0   73    14             0   77    14             0   81    14             0   85    14             0   89    14             0   93    14             0   97    14             0   101    14             0   105    14             0   109    14             0   113    14             0   117    14             0   121    14             0   125    14             0   129    14             
0   37    16             0   41    16             0   45    16             0   49    16             0   53    16             0   57    16             0   61    16             0   65    16             0   69    16             0   73    16             0   77    16             0   81    16             0   85    16             0   89    16             0   93    16             0   97    16             0   101    16             0   105    16             0   109    16             0   113    16             0   117    16             0   121    16             0   125    16             0   129    16             
0   37    18             0   41    18             0   45    18             0   49    18             0   53    18             0   57    18             0   61    18             0   65    18             0   69    18             0   73    18             0   77    18             0   81    18             0   85    18             0   89    18             0   93    18             0   97    18             0   101    18             0   105    18             0   109    18             0   113    18             0   117    18             0   121    18             0   125    18             0   129    18             
0   37    20             0   41    20             0   45    20             0   49    20             0   53    20             0   57    20             0   61    20             0   65    20             0   69    20             0   73    20             0   77    20             0   81    20             0   85    20             0   89    20             0   93    20             0   97    20             0   101    20             0   105    20             0   109    20             0   113    20             0   117    20             0   121    20             0   125    20             0   129    20             
0   37    22             0   41    22             0   45    22             0   49    22             0   53    22             0   57    22             0   61    22             0   65    22             0   69    22             0   73    22             0   77    22             0   81    22             0   85    22             0   89    22             0   93    22             0   97    22             0   101    22             0   105    22             0   109    22             0   113    22             0   117    22             0   121    22             0   125    22             0   129    22             
0   37    24             0   41    24             0   45    24             0   49    24             0   53    24             0   57    24             0   61    24             0   65    24             0   69    24             0   73    24             0   77    24             0   81    24             0   85    24             0   89    24             0   93    24             0   97    24             0   101    24             0   105    24             0   109    24             0   113    24             0   117    24             0   121    24             0   125    24             0   129    24             
0   37    26             0   41    26             0   45    26             0   49    26             0   53    26             0   57    26             0   61    26             0   65    26             0   69    26             0   73    26             0   77    26             0   81    26             0   85    26             0   89    26             0   93    26             0   97    26             0   101    26             0   105    26             0   109    26             0   113    26             0   117    26             0   121    26             0   125    26             0   129    26             
0   37    28             0   41    28             0   45    28             0   49    28             0   53    28             0   57    28             0   61    28             0   65    28             0   69    28             0   73    28             0   77    28             0   81    28             0   85    28             0   89    28             0   93    28             0   97    28             0   101    28             0   105    28             0   109    28             0   113    28             0   117    28             0   121    28             0   125    28             0   129    28             
0   37    30             0   41    30             0   45    30             0   49    30             0   53    30             0   57    30             0   61    30             0   65    30             0   69    30             0   73    30             0   77    30             0   81    30             0   85    30             0   89    30             0   93    30             0   97    30             0   101    30             0   105    30             0   109    30             0   113    30             0   117    30             0   121    30             0   125    30             0   129    30             
0   37    32             0   41    32             0   45    32             0   49    32             0   53    32             0   57    32             0   61    32             0   65    32             0   69    32             0   73    32             0   77    32             0   81    32             0   85    32             0   89    32             0   93    32             0   97    32             0   101    32             0   105    32             0   109    32             0   113    32             0   117    32             0   121    32             0   125    32             0   129    32             
0   37    34             0   41    34             0   45    34             0   49    34             0   53    34             0   57    34             0   61    34             0   65    34             0   69    34             0   73    34             0   77    34             0   81    34             0   85    34             0   89    34             0   93    34             0   97    34             0   101    34             0   105    34             0   109    34             0   113    34             0   117    34             0   121    34             0   125    34             0   129    34             
0   37    36             0   41    36             0   45    36             0   49    36             0   53    36             0   57    36             0   61    36             0   65    36             0   69    36             0   73    36             0   77    36             0   81    36             0   85    36             0   89    36             0   93    36             0   97    36             0   101    36             0   105    36             0   109    36             0   113    36             0   117    36             0   121    36             0   125    36             0   129    36             
0   37    38             0   41    38             0   45    38             0   49    38             0   53    38             0   57    38             0   61    38             0   65    38             0   69    38             0   73    38             0   77    38             0   81    38             0   85    38             0   89    38             0   93    38             0   97    38             0   101    38             0   105    38             0   109    38             0   113    38             0   117    38             0   121    38             0   125    38             0   129    38             
0   37    40             0   41    40             0   45    40             0   49    40             0   53    40             0   57    40             0   61    40             0   65    40             0   69    40             0   73    40             0   77    40             0   81    40             0   85    40             0   89    40             0   93    40             0   97    40             0   101    40             0   105    40             0   109    40             0   113    40             0   117    40             0   121    40             0   125    40             0   129    40             
0   37    42             0   41    42             0   45    42             0   49    42             0   53    42             0   57    42             0   61    42             0   65    42             0   69    42             0   73    42             0   77    42             0   81    42             0   85    42             0   89    42             0   93    42             0   97    42             0   101    42             0   105    42             0   109    42             0   113    42             0   117    42             0   121    42             0   125    42             0   129    42             
0   37    44             0   41    44             0   45    44             0   49    44             0   53    44             0   57    44             0   61    44             0   65    44             0   69    44             0   73    44             0   77    44             0   81    44             0   85    44             0   89    44             0   93    44             0   97    44             0   101    44             0   105    44             0   109    44             0   113    44             0   117    44             0   121    44             0   125    44             0   129    44             
0   37    46             0   41    46             0   45    46             0   49    46             0   53    46             0   57    46             0   61    46             0   65    46             0   69    46             0   73    46             0   77    46             0   81    46             0   85    46             0   89    46             0   93    46             0   97    46             0   101    46             0   105    46             0   109    46             0   113    46             0   117    46             0   121    46             0   125    46             0   129    46             
0   37    48             0   41    48             0   45    48             0   49    48             0   53    48             0   57    48             0   61    48             0   65    48             0   69    48             0   73    48             0   77    48             0   81    48             0   85    48             0   89    48             0   93    48             0   97    48             0   101    48             0   105    48             0   109    48             0   113    48             0   117    48             0   121    48             0   125    48             0   129    48             
0   37    50             0   41    50             0   45    50             0   49    50             0   53    50             0   57    50             0   61    50             0   65    50             0   69    50             0   73    50             0   77    50             0   81    50             0   85    50             0   89    50             0   93    50             0   97    50             0   101    50             0   105    50             0   109    50             0   113    50             0   117    50             0   121    50             0   125    50             0   129    50             
0   37    52             0   41    52             0   45    52             0   49    52             0   53    52             0   57    52             0   61    52             0   65    52             0   69    52             0   73    52             0   77    52             0   81    52             0   85    52             0   89    52             0   93    52             0   97    52             0   101    52             0   105    52             0   109    52             0   113    52             0   117    52             0   121    52             0   125    52             0   129    52             
